[gd_scene load_steps=17 format=3 uid="uid://cpjvv6hfr5qxj"]

[ext_resource type="Script" path="res://worldLevel/Script/level_2.gd" id="1_tl2vw"]
[ext_resource type="PackedScene" uid="uid://bq4dcad5b8unv" path="res://TetrisBlock/tetris_block_3.tscn" id="1_u3eaf"]
[ext_resource type="PackedScene" uid="uid://bukg1v5yp8ef0" path="res://TetrisBlock/tetris_block_3_same.tscn" id="2_qh5l3"]
[ext_resource type="PackedScene" uid="uid://cf5ijhtrusnix" path="res://worldLevel/mirror_button.tscn" id="3_fh30r"]
[ext_resource type="PackedScene" uid="uid://cr2uhegrgc701" path="res://worldLevel/same_button.tscn" id="4_8a681"]
[ext_resource type="PackedScene" uid="uid://cog2qek7t51w6" path="res://player/PlayerBody.tscn" id="5_gymhp"]
[ext_resource type="PackedScene" uid="uid://ull1jwcqkm5o" path="res://worldLevel/house_walls.tscn" id="6_qkaq1"]
[ext_resource type="PackedScene" uid="uid://td6blhncf62v" path="res://worldLevel/house_roof.tscn" id="7_1ilk7"]
[ext_resource type="PackedScene" uid="uid://lq1yeiasdkfb" path="res://worldLevel/house_close.tscn" id="8_ade58"]

[sub_resource type="ProceduralSkyMaterial" id="ProceduralSkyMaterial_qa4ko"]
sky_horizon_color = Color(0.64625, 0.65575, 0.67075, 1)
ground_horizon_color = Color(0.64625, 0.65575, 0.67075, 1)

[sub_resource type="Sky" id="Sky_0wiy4"]
sky_material = SubResource("ProceduralSkyMaterial_qa4ko")

[sub_resource type="Environment" id="Environment_crm1x"]
background_mode = 2
sky = SubResource("Sky_0wiy4")
tonemap_mode = 2
glow_enabled = true

[sub_resource type="PlaneMesh" id="PlaneMesh_1hqb2"]
size = Vector2(150, 150)

[sub_resource type="ConcavePolygonShape3D" id="ConcavePolygonShape3D_422g7"]
data = PackedVector3Array(10, 0, 10, -10, 0, 10, 10, 0, -10, -10, 0, 10, -10, 0, -10, 10, 0, -10)

[sub_resource type="BoxMesh" id="BoxMesh_r8dka"]
size = Vector3(0.5, 20, 15)

[sub_resource type="ConcavePolygonShape3D" id="ConcavePolygonShape3D_d6ri0"]
data = PackedVector3Array(-0.25, 10, 7.5, 0.25, 10, 7.5, -0.25, -10, 7.5, 0.25, 10, 7.5, 0.25, -10, 7.5, -0.25, -10, 7.5, 0.25, 10, -7.5, -0.25, 10, -7.5, 0.25, -10, -7.5, -0.25, 10, -7.5, -0.25, -10, -7.5, 0.25, -10, -7.5, 0.25, 10, 7.5, 0.25, 10, -7.5, 0.25, -10, 7.5, 0.25, 10, -7.5, 0.25, -10, -7.5, 0.25, -10, 7.5, -0.25, 10, -7.5, -0.25, 10, 7.5, -0.25, -10, -7.5, -0.25, 10, 7.5, -0.25, -10, 7.5, -0.25, -10, -7.5, 0.25, 10, 7.5, -0.25, 10, 7.5, 0.25, 10, -7.5, -0.25, 10, 7.5, -0.25, 10, -7.5, 0.25, 10, -7.5, -0.25, -10, 7.5, 0.25, -10, 7.5, -0.25, -10, -7.5, 0.25, -10, 7.5, 0.25, -10, -7.5, -0.25, -10, -7.5)

[node name="Level 2" type="Node3D"]
script = ExtResource("1_tl2vw")
NEXT_LEVEL = "C:/Users/OEM/Documents/Uni Files/CS399/Project/capstone-project-team-32/Mental Rotation/worldLevel/level_2_2.tscn"

[node name="DirectionalLight3D" type="DirectionalLight3D" parent="."]
transform = Transform3D(-0.866024, -0.433016, 0.250001, 0, 0.499998, 0.866026, -0.500003, 0.749999, -0.43301, 0, 0, 0)
shadow_enabled = true

[node name="WorldEnvironment" type="WorldEnvironment" parent="."]
environment = SubResource("Environment_crm1x")

[node name="House" type="Node3D" parent="."]

[node name="HouseWalls" parent="House" instance=ExtResource("6_qkaq1")]

[node name="HouseRoof" parent="House" instance=ExtResource("7_1ilk7")]

[node name="HouseClose" parent="House" instance=ExtResource("8_ade58")]

[node name="HouseLighting" type="Node3D" parent="."]

[node name="SpotLight3D" type="SpotLight3D" parent="HouseLighting"]
transform = Transform3D(0.74002, 0.160781, -0.653085, 0.0858223, 0.940497, 0.328784, 0.667087, -0.299356, 0.682188, -53.6727, 42.6521, 60.127)
spot_range = 108.597
spot_attenuation = 0.0853776
spot_angle = 69.09
spot_angle_attenuation = 0.15932

[node name="SpotLight3D2" type="SpotLight3D" parent="HouseLighting"]
transform = Transform3D(0.800197, -0.261671, 0.539642, 0.0858223, 0.940497, 0.328784, -0.593566, -0.216779, 0.77504, 53.2204, 42.6521, 57.9604)
spot_range = 115.952
spot_attenuation = 0.176777
spot_angle = 80.44
spot_angle_attenuation = 0.170755

[node name="SpotLight3D3" type="SpotLight3D" parent="HouseLighting"]
transform = Transform3D(-0.463324, -0.523048, 0.715368, -0.408386, 0.842437, 0.351455, -0.78648, -0.129309, -0.603927, 55.3459, 43.7049, -53.8386)
spot_range = 114.025
spot_attenuation = 0.378929
spot_angle = 80.19
spot_angle_attenuation = 0.217638

[node name="SpotLight3D4" type="SpotLight3D" parent="HouseLighting"]
transform = Transform3D(-0.664507, 0.284439, -0.691032, 0.0141668, 0.929356, 0.368913, 0.747147, 0.235356, -0.621593, -56.3818, 42.9507, -59.0278)
shadow_enabled = true
spot_range = 112.677
spot_attenuation = 0.138696
spot_angle = 67.36
spot_angle_attenuation = 0.267943

[node name="Platform" type="Node3D" parent="."]

[node name="MeshInstance3D" type="MeshInstance3D" parent="Platform"]
mesh = SubResource("PlaneMesh_1hqb2")
skeleton = NodePath("../..")

[node name="StaticBody3D" type="StaticBody3D" parent="Platform/MeshInstance3D"]

[node name="CollisionShape3D" type="CollisionShape3D" parent="Platform/MeshInstance3D/StaticBody3D"]
transform = Transform3D(10, 0, 0, 0, 10, 0, 0, 0, 10, 0, 0, 0)
shape = SubResource("ConcavePolygonShape3D_422g7")

[node name="Tetris_block_3" parent="." instance=ExtResource("1_u3eaf")]
transform = Transform3D(1, 0, 0, 0, 0.0321783, -0.999482, 0, 0.999482, 0.0321783, -7.74578, 16.1208, -14.2878)

[node name="Tetris_block_3_same" parent="." instance=ExtResource("2_qh5l3")]
transform = Transform3D(0.155021, 0, 0.987911, 0.983996, 0.0889465, -0.154406, -0.0878712, 0.996036, 0.0137885, 9.51652, 12.4226, -14.3248)

[node name="MirrorButton" parent="." instance=ExtResource("3_fh30r")]
transform = Transform3D(-0.0134735, 0, 0.999909, 0, 1, 0, -0.999909, 0, -0.0134735, 6.22042, 0.290928, -1.81235)

[node name="SameButton" parent="." instance=ExtResource("4_8a681")]
transform = Transform3D(-0.00171046, 0, -0.999999, 0, 1, 0, 0.999999, 0, -0.00171046, -5.27025, 0.287208, -1.80538)

[node name="MiddlePole" type="Node3D" parent="."]

[node name="MeshInstance3D" type="MeshInstance3D" parent="MiddlePole"]
transform = Transform3D(1, 0, 0, 0, 1, 0, 0, 0, 1, 0, 10.8365, -15.6322)
mesh = SubResource("BoxMesh_r8dka")

[node name="StaticBody3D" type="StaticBody3D" parent="MiddlePole/MeshInstance3D"]

[node name="CollisionShape3D" type="CollisionShape3D" parent="MiddlePole/MeshInstance3D/StaticBody3D"]
shape = SubResource("ConcavePolygonShape3D_d6ri0")

[node name="CharacterBody3D" parent="." groups=["player"] instance=ExtResource("5_gymhp")]
transform = Transform3D(1, 0, 0, 0, 1, 0, 0, 0, 1, 0, -0.237842, 3.11779)

[connection signal="area_entered" from="SameButton" to="." method="_on_same_button_area_entered"]
