[gd_scene load_steps=17 format=3 uid="uid://vl6vuynkm46i"]

[ext_resource type="Script" path="res://worldLevel/Script/level_2_2.gd" id="1_58uy1"]
[ext_resource type="PackedScene" uid="uid://bxpsd15kyyq1t" path="res://TetrisBlock/tetris_block_4.tscn" id="1_w1p62"]
[ext_resource type="PackedScene" uid="uid://pprsio2v2vbp" path="res://TetrisBlock/tetris_block_4_mirror.tscn" id="2_8ykh1"]
[ext_resource type="PackedScene" uid="uid://cf5ijhtrusnix" path="res://worldLevel/mirror_button.tscn" id="3_50emu"]
[ext_resource type="PackedScene" uid="uid://cr2uhegrgc701" path="res://worldLevel/same_button.tscn" id="4_j64o4"]
[ext_resource type="PackedScene" uid="uid://cog2qek7t51w6" path="res://player/PlayerBody.tscn" id="5_i8n2q"]
[ext_resource type="PackedScene" uid="uid://ull1jwcqkm5o" path="res://worldLevel/house_walls.tscn" id="6_3sauf"]
[ext_resource type="PackedScene" uid="uid://td6blhncf62v" path="res://worldLevel/house_roof.tscn" id="7_1awdf"]
[ext_resource type="PackedScene" uid="uid://lq1yeiasdkfb" path="res://worldLevel/house_close.tscn" id="8_2j1by"]

[sub_resource type="ProceduralSkyMaterial" id="ProceduralSkyMaterial_ckfn0"]
sky_horizon_color = Color(0.64625, 0.65575, 0.67075, 1)
ground_horizon_color = Color(0.64625, 0.65575, 0.67075, 1)

[sub_resource type="Sky" id="Sky_sjjrd"]
sky_material = SubResource("ProceduralSkyMaterial_ckfn0")

[sub_resource type="Environment" id="Environment_1qxuh"]
background_mode = 2
sky = SubResource("Sky_sjjrd")
tonemap_mode = 2
glow_enabled = true

[sub_resource type="PlaneMesh" id="PlaneMesh_1hqb2"]
size = Vector2(150, 150)

[sub_resource type="ConcavePolygonShape3D" id="ConcavePolygonShape3D_422g7"]
data = PackedVector3Array(10, 0, 10, -10, 0, 10, 10, 0, -10, -10, 0, 10, -10, 0, -10, 10, 0, -10)

[sub_resource type="BoxMesh" id="BoxMesh_svfu1"]
size = Vector3(0.5, 20, 15)

[sub_resource type="ConcavePolygonShape3D" id="ConcavePolygonShape3D_pyyf4"]
data = PackedVector3Array(-0.25, 10, 7.5, 0.25, 10, 7.5, -0.25, -10, 7.5, 0.25, 10, 7.5, 0.25, -10, 7.5, -0.25, -10, 7.5, 0.25, 10, -7.5, -0.25, 10, -7.5, 0.25, -10, -7.5, -0.25, 10, -7.5, -0.25, -10, -7.5, 0.25, -10, -7.5, 0.25, 10, 7.5, 0.25, 10, -7.5, 0.25, -10, 7.5, 0.25, 10, -7.5, 0.25, -10, -7.5, 0.25, -10, 7.5, -0.25, 10, -7.5, -0.25, 10, 7.5, -0.25, -10, -7.5, -0.25, 10, 7.5, -0.25, -10, 7.5, -0.25, -10, -7.5, 0.25, 10, 7.5, -0.25, 10, 7.5, 0.25, 10, -7.5, -0.25, 10, 7.5, -0.25, 10, -7.5, 0.25, 10, -7.5, -0.25, -10, 7.5, 0.25, -10, 7.5, -0.25, -10, -7.5, 0.25, -10, 7.5, 0.25, -10, -7.5, -0.25, -10, -7.5)

[node name="Level 2_2" type="Node3D"]
script = ExtResource("1_58uy1")
NEXT_LEVEL = "res://worldLevel/level_3.tscn"

[node name="DirectionalLight3D" type="DirectionalLight3D" parent="."]
transform = Transform3D(-0.866024, -0.433016, 0.250001, 0, 0.499998, 0.866026, -0.500003, 0.749999, -0.43301, 0, 0, 0)
shadow_enabled = true

[node name="WorldEnvironment" type="WorldEnvironment" parent="."]
environment = SubResource("Environment_1qxuh")

[node name="House" type="Node3D" parent="."]

[node name="HouseWalls" parent="House" instance=ExtResource("6_3sauf")]

[node name="HouseRoof" parent="House" instance=ExtResource("7_1awdf")]

[node name="HouseClose" parent="House" instance=ExtResource("8_2j1by")]

[node name="HouseLighting" type="Node3D" parent="."]

[node name="SpotLight3D" type="SpotLight3D" parent="HouseLighting"]
transform = Transform3D(0.74002, 0.160781, -0.653085, 0.0858223, 0.940497, 0.328784, 0.667087, -0.299356, 0.682188, -53.6727, 42.6521, 60.127)
spot_range = 108.597
spot_attenuation = 0.0853776
spot_angle = 69.09
spot_angle_attenuation = 0.15932

[node name="SpotLight3D2" type="SpotLight3D" parent="HouseLighting"]
transform = Transform3D(0.800197, -0.261671, 0.539642, 0.0858223, 0.940497, 0.328784, -0.593566, -0.216779, 0.77504, 53.2204, 42.6521, 57.9604)
spot_range = 115.952
spot_attenuation = 0.176777
spot_angle = 80.44
spot_angle_attenuation = 0.170755

[node name="SpotLight3D3" type="SpotLight3D" parent="HouseLighting"]
transform = Transform3D(-0.463324, -0.523048, 0.715368, -0.408386, 0.842437, 0.351455, -0.78648, -0.129309, -0.603927, 55.3459, 43.7049, -53.8386)
spot_range = 114.025
spot_attenuation = 0.378929
spot_angle = 80.19
spot_angle_attenuation = 0.217638

[node name="SpotLight3D4" type="SpotLight3D" parent="HouseLighting"]
transform = Transform3D(-0.664507, 0.284439, -0.691032, 0.0141668, 0.929356, 0.368913, 0.747147, 0.235356, -0.621593, -56.3818, 42.9507, -59.0278)
shadow_enabled = true
spot_range = 112.677
spot_attenuation = 0.138696
spot_angle = 67.36
spot_angle_attenuation = 0.267943

[node name="Platform" type="Node3D" parent="."]

[node name="MeshInstance3D" type="MeshInstance3D" parent="Platform"]
mesh = SubResource("PlaneMesh_1hqb2")
skeleton = NodePath("../..")

[node name="StaticBody3D" type="StaticBody3D" parent="Platform/MeshInstance3D"]

[node name="CollisionShape3D" type="CollisionShape3D" parent="Platform/MeshInstance3D/StaticBody3D"]
transform = Transform3D(10, 0, 0, 0, 10, 0, 0, 0, 10, 0, 0, 0)
shape = SubResource("ConcavePolygonShape3D_422g7")

[node name="Tetris_block_4" parent="." instance=ExtResource("1_w1p62")]
transform = Transform3D(-0.0130023, -0.00610813, -0.999897, -0.999915, 7.94265e-05, 0.0130021, 0, 0.999981, -0.00610865, -8.28697, 14.3241, -13.6651)

[node name="Tetris_block_4_mirror" parent="." instance=ExtResource("2_8ykh1")]
transform = Transform3D(0.386808, 0, 0.92216, 0.921963, -0.0206807, -0.386725, 0.0190709, 0.999786, -0.00799944, 8.60943, 14.3594, -14.1304)

[node name="MirrorButton" parent="." instance=ExtResource("3_50emu")]
transform = Transform3D(-0.0134735, 0, 0.999909, 0, 1, 0, -0.999909, 0, -0.0134735, 6.22042, 0.288213, -1.81788)

[node name="SameButton" parent="." instance=ExtResource("4_j64o4")]
transform = Transform3D(-0.00171046, 0, -0.999999, 0, 1, 0, 0.999999, 0, -0.00171046, -5.27025, 0.287208, -1.80538)

[node name="MiddlePole" type="Node3D" parent="."]

[node name="MeshInstance3D" type="MeshInstance3D" parent="MiddlePole"]
transform = Transform3D(1, 0, 0, 0, 1, 0, 0, 0, 1, 0, 10.8365, -15.6322)
mesh = SubResource("BoxMesh_svfu1")

[node name="StaticBody3D" type="StaticBody3D" parent="MiddlePole/MeshInstance3D"]

[node name="CollisionShape3D" type="CollisionShape3D" parent="MiddlePole/MeshInstance3D/StaticBody3D"]
shape = SubResource("ConcavePolygonShape3D_pyyf4")

[node name="CharacterBody3D" parent="." groups=["player"] instance=ExtResource("5_i8n2q")]
transform = Transform3D(1, 0, 0, 0, 1, 0, 0, 0, 1, 0, -0.237842, 3.11779)

[connection signal="area_entered" from="MirrorButton" to="." method="_on_mirror_button_area_entered"]
